%YAML:1.0
---
camera_name: calibration
image_width: 640
image_height: 480
camera_matrix:
   rows: 3
   cols: 3
   data: [ 5.2843375655870500e+02, 0., 3.2050000000000000e+02, 0., 0.,
       5.2843375655870500e+02, 2.4050000000000000e+02, 0., 0. ]
distortion_coefficients:
   rows: 1
   cols: 5
   data: [ 0., 0., 0., 0., 0. ]
distortion_model: plumb_bob
rectification_matrix:
   rows: 3
   cols: 3
   data: [ 1., 0., 0., 0., 1., 0., 0., 0., 1. ]
projection_matrix:
   rows: 3
   cols: 4
   data: [ 5.2843375655870500e+02, 0., 3.2050000000000000e+02, 0., 0.,
       5.2843375655870500e+02, 2.4050000000000000e+02, 0., 0., 0., 1.,
       0. ]
local_transform:
   rows: 3
   cols: 4
   data: [ 2.63619899e-08, -1.79029569e-01, 9.83843684e-01,
       2.75999993e-01, -1., 3.33066907e-16, 2.67948970e-08, 0.,
       -4.79707918e-09, -9.83843684e-01, -1.79029569e-01, 2.80999988e-01 ]
